4
8
576 540 576 1440
1080 540 576 1440
2736 504 2736 4032
3420 504 2736 4032
6804 324 6804 6984
7488 180 7488 7632
7668 216 7668 7812
8640 504 8640 9324
6
864 360 864 864
1188 252 1188 1188
4968 360 4968 4968
7272 72 7272 7272
9468 432 9468 9468
10080 432 10080 10080
10
2340 72 0 0
2700 252 0 0
5184 0 0 0
4860 180 0 0
5472 288 0 0
7380 360 0 0
7560 504 0 0
7452 612 0 0
9792 72 0 0
9792 576 0 0
7
2232 324 2232 2484
4572 540 4572 4824
5112 540 5112 5616
4000 504 2736 4032
3000 504 2736 4032
7812 432 7812 7920
9684 324 9684 9936
15 4