4
8
756 360 756 972
540 540 540 1692
3500 216 3204 3744
3240 216 3204 3744
6696 432 6696 7092
7200 540 7200 7560
9108 72 9108 9252
8856 216 8856 9000
9
1224 216 1224 1224
1584 288 1584 1584
3024 324 3024 3024
4932 72 4932 4932
6300 432 6300 6300
7308 144 7308 7308
9720 72 9720 9720
10080 72 10080 10080
10440 72 10440 10440
8
1260 432 0 0
5472 504 0 0
5904 504 0 0
5904 324 0 0
8172 36 0 0
8496 576 0 0
10044 252 0 0
10512 612 0 0
4
3420 0 3420 3420
4680 504 4680 4680
5832 36 5832 5832
8568 288 8568 8568
20 5